011110
011110
011110
011101
011101
011101
011101
011101
011100
011100
011100
011100
011011
011011
011011
011011
011010
011010
011010
011010
011010
011010
011001
011001
011001
011001
011001
011001
011000
011000
011000
011000
011000
011000
010111
010111
010111
010111
010111
010111
010110
010110
010110
010110
010110
010110
010110
010110
010101
010101
010101
010101
010101
010101
010101
010100
010100
010100
010100
010100
010100
010100
010100
010100
010011
010011
010011
010011
010011
010011
010011
010011
010010
010010
010010
010010
010010
010010
010010
010010
010010
010010
010010
010001
010001
010001
010001
010001
010001
010001
010001
010001
010001
010001
010000
010000
010000
010000
010000
010000
010000
010000
010000
010000
010000
010000
010000
001111
001111
001111
001111
001111
001111
001111
001111
001111
001111
001111
001111
001111
001111
001111
001110
001110
001110
001110
001110
001110
