000000000011110
111111111111110
111111111011110
111111110111110
111111110011110
111111101111110
111111101011110
111111100111110
111111100011110
111111011111111
111111011011111
111111010111111
111111010100000
111111010000000
111111001100001
111111001000001
111111000100001
111111000000010
111110111100011
111110111000011
111110110100100
111110110000100
111110101100101
111110101000110
111110100100110
111110100000111
111110011101000
111110011001001
111110010101010
111110010001010
111110001101011
111110001001100
111110000101100
111110000001101
111101111101110
111101111001111
111101110110000
111101110010010
111101101110011
111101101010100
111101100110101
111101100010110
111101011111000
111101011011001
111101010111010
111101010011011
111101001111101
111101001011110
111101001000000
111101000100001
111101000000011
111100111100100
111100111000110
111100110100111
111100110001001
111100101101011
111100101001100
111100100101110
111100100010000
111100011110001
111100011010011
111100010110101
111100010010111
111100001111001
111100001011011
111100000111101
111100000011110
111100000000000
111011111100010
111011111000100
111011110100111
111011110001001
111011101101011
111011101001101
111011100101111
111011100010001
111011011110100
111011011010110
111011010111000
111011010011001
111011001111101
111011001011111
111011001000010
111011000100100
111011000000101
111010111101001
111010111001010
111010110101110
111010110010001
111010101110010
111010101010110
111010100110111
111010100011010
111010011111110
111010011100001
111010011000010
111010010100101
111010010001000
111010001101011
111010001001110
111010000110001
111010000010011
111001111110110
111001111011001
111001110111100
111001110011111
111001110000010
111001101100110
111001101001001
111001100101100
111001100001111
111001011110010
111001011010100
111001010111001
111001010011100
111001001111111
111001001100011
111001001000110
111001000101000
111001000001101
111000111110000
111000111010100
111000110110111
111000110011011
111000101111101
111000101100010
111000101000100
111000100101001
111000100001011
111000011101111
111000011010011
111000010110111
111000010011010
111000001111110
111000001100010
111000001000110
111000000101010
111000000001101
110111111110001
110111111010101
110111110111001
110111110011101
110111110000001
110111101100101
110111101001001
110111100101101
110111100010001
110111011110110
110111011011010
110111010111110
110111010100010
110111010000110
110111001101011
110111001001111
110111000110011
110111000011000
110110111111100
110110111011111
110110111000101
110110110101001
110110110001101
110110101110001
110110101010110
110110100111010
110110100011111
110110100000011
110110011101000
110110011001100
110110010110001
110110010010110
110110001111011
110110001011111
110110001000100
110110000101001
110110000001110
110101111110010
110101111010111
110101110111100
110101110100001
110101110000110
110101101101011
110101101010000
110101100110101
110101100011010
110101011111111
110101011100100
110101011001001
110101010101110
110101010010011
110101001111001
110101001011110
110101001000011
110101000100111
110101000001100
110100111110010
110100111010111
110100110111100
110100110100010
110100110000111
110100101101101
110100101010010
110100100110111
110100100011101
110100100000010
110100011101000
110100011001101
110100010110011
110100010011001
110100001111110
110100001100100
110100001001010
110100000101111
110100000010101
110011111111011
110011111100000
110011111000110
110011110101100
110011110010010
110011101111000
110011101011110
110011101000011
110011100101001
110011100001111
110011011110101
110011011011010
110011011000000
110011010100110
110011010001100
110011001110010
110011001011001
110011000111111
110011000100101
110011000001011
110010111110001
110010111010111
110010110111110
110010110100100
110010110001010
110010101110001
110010101010111
110010100111101
110010100100100
110010100001010
110010011110000
110010011010111
110010010111101
110010010100100
110010010001010
110010001110001
110010001010111
110010000111110
110010000100101
110010000001011
110001111110010
110001111011000
110001110111111
110001110100110
110001110001101
110001101110011
110001101011010
110001101000001
110001100101000
110001100001111
110001011110101
110001011011100
110001011000011
110001010101010
110001010010001
110001001111000
110001001011111
110001001000110
110001000101101
110001000010100
110000111111011
110000111100010
110000111001001
110000110110001
110000110011000
110000101111111
110000101100110
110000101001101
110000100110101
110000100011100
110000100000011
110000011101010
110000011010010
110000010111001
110000010011111
110000010000111
110000001101110
110000001010110
110000000111101
110000000100101
110000000001100
101111111110100
101111111011011
101111111000011
101111110101010
101111110010010
101111101111010
101111101100001
101111101001001
101111100110001
101111100011000
101111100000000
101111011101000
101111011001111
101111010110111
101111010011111
101111010000111
101111001101111
101111001010111
101111000111111
101111000100110
101111000001110
101110111110110
101110111011110
101110111000110
101110110101110
101110110010110
101110101111110
101110101100110
101110101001111
101110100110111
101110100011111
101110100000111
101110011101111
101110011010111
101110011000000
101110010101000
101110010010000
101110001111000
101110001100001
101110001001001
101110000110001
101110000011010
101110000000010
101101111101001
101101111010011
101101110111011
101101110100100
101101110001100
101101101110101
101101101011101
101101101000110
101101100101101
101101100010111
101101011111110
101101011101000
101101011010001
101101010111000
101101010100010
101101010001010
101101001110010
101101001011011
101101001000100
101101000101101
101101000010101
101100111111110
101100111100111
101100111010000
101100110111001
101100110100010
101100110001011
101100101110011
101100101011100
101100101000101
101100100101110
101100100010111
101100100000000
101100011101001
101100011010010
101100010111100
101100010100101
101100010001110
101100001110111
101100001100000
101100001001001
101100000110010
101100000011100
101100000000101
101011111101110
101011111010111
101011111000001
101011110101001
101011110010010
101011101111100
101011101100101
101011101001110
101011100111000
101011100100001
101011100001010
101011011110100
101011011011101
101011011000111
101011010110000
101011010011010
101011010000011
101011001101101
101011001010111
101011001000000
101011000101010
101011000010011
101010111111101
101010111100111
101010111010000
101010110111010
101010110100100
101010110001110
101010101110111
101010101100001
101010101001011
101010100110101
101010100011111
101010100001000
101010011110010
101010011011100
101010011000110
101010010110000
101010010011010
101010010000100
101010001101110
101010001011000
101010001000010
101010000101100
101010000010110
101010000000000
101001111101010
101001111010100
101001110111110
101001110101000
101001110010011
101001101111101
101001101100111
101001101010001
101001100111011
101001100100110
101001100010000
101001011111010
101001011100100
101001011001111
101001010111001
101001010100011
101001010001110
101001001111000
101001001100001
101001001001101
101001000110111
101001000100001
101001000001011
101000111110110
101000111100000
101000111001011
101000110110101
101000110100000
101000110001010
101000101110101
101000101100000
101000101001010
101000100110101
101000100100000
101000100001010
101000011110101
101000011100000
101000011001010
101000010110101
101000010100000
101000010001011
101000001110101
101000001100000
101000001001011
101000000110110
101000000100001
101000000001100
100111111110110
100111111100001
100111111001100
100111110110111
100111110100010
100111110001101
100111101111000
100111101100011
100111101001110
100111100111001
100111100100100
100111100001111
100111011111010
100111011100110
100111011010001
100111010111100
100111010100111
100111010010010
100111001111101
100111001101001
100111001010100
100111000111111
100111000101010
100111000010101
100111000000001
100110111101100
100110111010111
100110111000011
100110110101110
100110110011001
100110110000101
100110101110000
100110101011100
100110101000111
100110100110011
100110100011110
100110100001000
100110011110101
100110011011111
100110011001011
100110010110111
100110010100010
100110010001110
100110001111001
100110001100101
100110001010001
100110000111100
100110000101000
100110000010011
100101111111111
100101111101011
100101111010111
100101111000010
100101110101110
100101110011010
100101110000110
100101101110001
100101101011101
100101101001001
100101100110101
100101100100001
100101100001101
100101011111001
100101011100100
100101011010000
100101010111100
100101010101000
100101010010100
100101010000000
100101001101100
100101001011000
100101001000100
100101000110000
100101000011100
100101000001000
100100111110101
100100111100001
100100111001101
100100110111001
100100110100101
100100110010001
100100101111101
100100101101010
100100101010110
100100101000010
100100100101110
100100100011011
100100100000111
100100011110011
100100011011111
100100011001100
100100010111000
100100010100100
100100010010001
100100001111101
100100001101010
100100001010110
100100001000010
100100000101111
100100000011011
100100000001000
100011111110100
100011111100001
100011111001101
100011110111010
100011110100110
100011110010011
100011101111110
100011101101100
100011101011001
100011101000100
100011100110010
100011100011111
100011100001011
100011011111000
100011011100101
100011011010000
100011010111110
100011010101011
100011010010110
100011010000011
100011001110001
100011001011110
100011001001011
100011000110110
100011000100011
100011000010000
100010111111110
100010111101011
100010111011000
100010111000101
100010110110010
100010110011111
100010110001100
100010101110111
100010101100100
100010101010001
100010100111110
100010100101011
100010100011001
100010100000110
100010011110011
100010011100000
100010011001101
100010010111010
100010010100111
100010010010100
100010010000001
100010001101111
100010001011100
100010001001001
100010000110110
100010000100011
100010000010001
100001111111110
100001111101011
100001111011000
100001111000110
100001110110011
100001110100000
100001110001110
100001101111011
100001101101000
100001101010110
100001101000011
100001100110000
100001100011110
100001100001011
100001011111001
100001011100110
100001011010100
100001011000001
100001010101111
100001010011100
100001010001010
100001001110111
100001001100101
100001001010001
100001001000000
100001000101110
100001000011011
100001000001001
100000111110101
100000111100100
100000111010010
100000110111110
100000110101101
100000110011011
100000110001001
100000101110101
100000101100100
100000101010010
100000101000000
100000100101100
100000100011010
100000100001001
100000011110111
100000011100101
100000011010001
100000010111111
100000010101101
100000010011011
100000010001001
100000001110111
100000001100101
100000001010011
100000001000001
100000000101111
100000000011101
100000000001011
011111111111001
011111111100111
011111111010101
011111111000011
011111110110001
011111110011111
011111110001101
011111101111011
011111101101001
011111101010111
011111101000110
011111100110100
011111100100010
011111100010000
011111011111110
011111011101100
011111011011011
011111011001001
011111010110111
011111010100101
011111010010011
011111010000001
011111001101111
011111001011111
011111001001100
011111000111010
011111000101001
011111000010111
011111000000101
011110111110100
011110111100010
011110111010001
011110110111111
011110110101101
011110110011100
011110110001010
011110101111001
011110101100111
011110101010110
011110101000100
011110100110011
011110100100001
011110100010000
011110011111110
011110011101101
011110011011100
011110011001010
011110010111001
011110010100111
011110010010110
011110010000101
011110001110011
011110001100010
011110001010001
011110001000000
011110000101110
011110000011101
011110000001100
011101111111010
011101111101001
011101111011000
011101111000111
011101110110110
011101110100100
011101110010011
011101110000010
011101101110001
011101101100000
011101101001111
011101100111110
011101100101100
011101100011011
011101100001010
011101011111001
011101011101000
011101011010111
011101011000110
011101010110101
011101010100100
011101010010011
011101010000010
011101001110001
011101001100000
011101001001111
011101000111110
011101000101101
011101000011100
011101000001100
011100111111011
011100111101010
011100111011001
011100111001000
011100110110111
011100110100110
011100110010110
011100110000101
011100101110100
011100101100011
011100101010010
011100101000010
011100100110001
011100100100000
011100100010000
011100011111111
011100011101110
011100011011101
011100011001101
011100010111100
011100010101100
011100010011011
011100010001010
011100001111010
011100001101001
011100001011000
011100001001000
011100000110111
011100000100110
011100000010101
011100000000101
011011111110100
011011111100100
011011111010011
011011111000011
011011110110010
011011110100010
011011110010001
011011110000001
011011101110000
011011101100000
011011101010000
011011100111111
011011100101111
011011100011110
011011100001110
011011011111110
011011011101101
011011011011101
011011011001101
011011010111101
011011010101100
011011010011100
011011010001100
011011001111011
011011001101011
011011001011011
011011001001011
011011000111011
011011000101010
011011000011010
011011000001010
011010111111010
011010111101010
011010111011001
011010111001001
011010110111001
011010110101001
011010110011001
011010110001001
011010101111001
011010101101001
011010101011001
011010101001001
011010100111001
011010100101001
011010100011001
011010100001001
011010011111001
011010011101001
011010011011001
011010011001001
011010010111001
011010010101001
011010010011001
011010010001001
011010001111001
011010001101001
011010001011001
011010001001010
011010000111010
011010000101010
011010000011010
011010000001010
011001111111010
011001111101011
011001111011011
011001111001011
011001110111011
011001110101011
011001110011100
011001110001100
011001101111100
011001101101101
011001101011101
011001101001101
011001100111101
011001100101110
011001100011110
011001100001110
011001011111111
011001011101111
011001011100000
011001011010000
011001011000000
011001010110001
011001010100001
011001010010010
011001010000010
011001001110011
011001001100011
011001001010100
011001001000100
011001000110101
011001000100101
011001000010110
011001000000110
011000111110111
011000111100111
011000111011000
011000111001000
011000110111001
011000110101000
011000110011010
011000110001011
011000101111011
011000101101100
011000101011101
011000101001101
011000100111110
011000100101111
011000100011111
011000100010000
011000100000001
011000011110000
011000011100010
011000011010011
011000011000100
011000010110011
011000010100101
011000010010110
011000010000111
011000001111000
011000001100111
011000001011001
011000001001010
011000000111011
011000000101100
011000000011101
011000000001100
010111111111101
010111111101110
010111111100000
010111111010001
010111111000010
010111110110011
010111110100100
010111110010101
010111110000110
010111101110111
010111101101000
010111101011001
010111101001010
010111100111011
010111100101100
010111100011101
010111100001110
010111011111111
010111011110000
010111011100001
010111011010001
010111011000010
010111010110011
010111010100100
010111010010101
010111010001000
010111001111001
010111001101010
010111001011010
010111001001011
010111000111100
010111000101110
010111000011111
010111000010000
010111000000001
010110111110010
010110111100100
010110111010101
010110111000110
010110110110111
010110110101001
010110110011010
010110110001011
010110101111101
010110101101110
010110101011111
010110101010001
010110101000010
010110100110011
010110100100101
010110100010110
010110100000111
010110011111001
010110011101010
010110011011100
010110011001101
010110010111111
010110010110000
010110010100001
010110010010011
010110010000100
010110001110110
010110001100111
010110001011001
010110001001010
010110000111100
010110000101101
010110000011111
010110000010000
010110000000010
010101111110100
010101111100101
010101111010111
010101111001000
010101110111010
010101110101100
010101110011101
010101110001111
010101101111111
010101101110010
010101101100100
010101101010100
010101101000111
010101100111001
010101100101011
010101100011100
010101100001110
010101100000000
010101011110000
010101011100011
010101011010101
010101011000111
010101010110111
010101010101001
010101010011011
010101010001101
010101001111111
010101001110000
010101001100010
010101001010100
010101001000110
010101000111000
010101000101010
010101000011100
010101000001101
010100111111111
010100111110001
010100111100011
010100111010101
010100111000111
010100110111001
010100110101011
010100110011101
010100110001111
010100110000001
010100101110011
010100101100101
010100101010111
010100101001001
010100100111011
010100100101101
010100100011111
010100100010001
010100100000011
010100011110101
010100011100111
010100011011001
010100011001011
010100010111101
010100010101111
010100010100010
010100010010100
010100010000110
010100001111000
010100001101010
010100001011100
010100001001111
010100001000001
010100000110011
010100000100101
010100000010111
010100000001010
010011111111100
010011111101110
010011111100000
010011111010010
010011111000101
010011110110111
010011110101001
010011110011100
010011110001110
010011110000000
010011101110010
010011101100101
010011101010111
010011101001001
010011100111100
010011100101110
010011100100001
010011100010011
010011100000101
010011011111000
010011011101010
010011011011100
010011011001111
010011011000001
010011010110100
010011010100110
010011010011001
010011010001011
010011001111110
010011001110000
010011001100011
010011001010101
010011001001000
010011000111010
010011000101101
010011000011111
010011000010010
010011000000100
010010111110111
010010111101001
010010111011100
010010111001110
010010111000001
010010110110100
010010110100110
010010110011001
010010110001010
010010101111101
010010101110000
010010101100010
010010101010101
010010101001000
010010100111010
010010100101101
010010100100000
010010100010010
010010100000101
010010011111000
010010011101011
010010011011101
010010011010000
010010011000011
010010010110110
010010010101000
010010010011011
010010010001110
010010010000001
010010001110100
010010001100110
010010001011001
010010001001100
010010000111111
010010000110010
010010000100100
010010000010111
010010000001010
010001111111101
010001111110000
010001111100011
010001111010110
010001111001001
010001110111100
010001110101110
010001110100001
010001110010100
010001110000111
010001101111010
010001101101101
010001101100000
010001101010011
010001101000110
010001100111001
010001100101100
010001100011111
010001100010010
010001100000101
010001011111000
010001011101011
010001011011110
010001011010001
010001011000100
010001010111000
010001010101011
010001010011110
010001010010001
010001010000100
010001001110111
010001001101010
010001001011101
010001001010000
010001001000100
010001000110111
010001000101010
010001000011101
010001000010000
010001000000011
010000111110111
010000111101010
010000111011101
010000111010000
010000111000011
010000110110111
010000110101010
010000110011101
010000110010000
010000110000100
010000101110111
010000101101010
010000101011110
010000101010001
010000101000100
010000100110111
010000100101011
010000100011110
010000100010001
010000100000101
010000011111000
010000011101100
010000011011111
010000011010010
010000011000110
010000010111001
010000010101100
010000010100000
010000010010011
010000010000111
010000001111010
010000001101110
010000001100001
010000001010100
010000001001000
010000000111011
010000000101111
010000000100010
010000000010110
010000000001001
001111111111101
001111111110000
001111111100100
001111111010111
001111111001011
001111110111110
001111110110010
001111110100110
001111110011001
001111110001101
001111110000000
001111101110100
001111101100111
001111101011011
001111101001111
001111101000010
001111100110110
001111100101010
001111100011101
001111100010001
001111100000101
001111011111000
001111011101100
001111011100000
001111011010011
001111011000111
001111010111011
001111010101110
001111010100010
001111010010110
001111010001000
001111001111101
001111001110001
001111001100101
001111001010111
001111001001100
001111001000000
001111000110100
001111000101000
001111000011010
001111000001111
001111000000011
001110111110111
001110111101011
001110111011101
001110111010001
001110111000110
001110110111010
001110110101110
001110110100010
001110110010101
001110110001001
001110101111100
001110101110000
001110101100100
001110101011000
001110101001100
001110101000000
001110100110100
001110100101000
001110100011100
001110100010000
001110100000100
001110011111000
001110011101100
001110011100000
001110011010100
001110011001000
001110010111100
001110010110000
001110010100100
001110010011000
001110010001100
001110010000000
001110001110100
001110001101000
001110001011100
001110001010000
001110001000100
001110000111000
001110000101100
001110000100000
001110000010101
001110000001001
001101111111101
001101111110001
001101111100101
001101111011001
001101111001101
001101111000010
001101110110110
001101110101010
001101110011110
001101110010010
001101110000110
001101101111011
001101101101111
001101101100011
001101101010111
001101101001011
001101101000000
001101100110100
001101100101000
001101100011100
001101100010001
001101100000101
001101011111001
001101011101110
001101011100010
001101011010110
001101011001010
001101010111111
001101010110011
001101010100111
001101010011100
001101010010000
001101010000100
001101001111001
001101001101101
001101001100001
001101001010110
001101001001010
001101000111111
001101000110011
001101000100111
001101000011100
001101000010000
001101000000101
001100111111001
001100111101110
001100111100010
001100111010110
001100111001011
001100110111111
001100110110100
001100110101000
001100110011101
001100110010001
001100110000110
001100101111010
001100101101111
001100101100011
001100101011000
001100101001100
001100101000001
001100100110101
001100100101010
001100100011110
001100100010011
001100100001000
001100011111100
001100011110001
001100011100101
001100011011010
001100011001111
001100011000011
001100010111000
001100010101100
001100010100001
001100010010110
001100010001010
001100001111111
001100001110100
001100001101000
001100001011101
001100001010010
001100001000110
001100000111011
001100000110000
001100000100100
001100000011001
001100000001110
001100000000011
001011111110111
001011111101100
001011111100001
001011111010100
001011111001010
001011110111111
001011110110100
001011110101001
001011110011101
001011110010010
001011110000111
001011101111100
001011101101111
001011101100101
001011101011010
001011101001111
001011101000100
001011100111001
001011100101100
001011100100010
001011100010111
001011100001100
001011100000001
001011011110110
001011011101011
001011011100000
001011011010011
001011011001000
001011010111110
001011010110011
001011010101000
001011010011101
001011010010010
001011010000111
001011001111100
001011001110001
001011001100110
001011001011011
001011001010000
001011001000101
001011000111010
001011000101111
001011000100100
001011000011001
001011000001110
001011000000011
001010111111000
001010111101101
001010111100010
001010111010111
001010111001100
001010111000001
001010110110110
001010110101011
001010110100000
001010110010100
001010110001001
001010101111110
001010101110011
001010101101000
001010101011111
001010101010100
001010101001001
001010100111110
001010100110010
001010100100111
001010100011100
001010100010011
001010100001000
001010011111100
001010011110001
001010011100110
001010011011011
001010011010001
001010011000110
001010010111011
001010010110000
001010010100101
001010010011011
001010010010000
001010010000101
001010001111010
001010001110000
001010001100101
001010001011010
001010001001111
001010001000101
001010000111010
001010000101111
001010000100100
001010000011010
001010000001111
001010000000100
001001111111010
001001111101111
001001111100100
001001111011010
001001111001111
001001111000100
001001110111010
001001110101111
001001110100100
001001110011010
001001110001111
001001110000100
001001101111010
001001101101111
001001101100101
001001101011010
001001101001111
001001101000101
001001100111010
001001100110000
001001100100101
001001100011011
001001100010000
001001100000101
001001011111011
001001011110000
001001011100110
001001011011011
001001011010001
001001011000110
001001010111100
001001010110001
001001010100111
001001010011100
001001010010010
001001010000111
001001001111101
001001001110010
001001001101000
001001001011101
001001001010011
001001001001001
001001000111110
001001000110100
001001000101001
001001000011111
001001000010100
001001000001010
001001000000000
001000111110101
001000111101011
001000111100000
001000111010110
001000111001100
001000111000001
001000110110111
001000110101101
001000110100010
001000110011000
001000110001101
001000110000011
001000101111001
001000101101111
001000101100100
001000101011010
001000101010000
001000101000101
001000100111011
001000100110001
001000100100110
001000100011100
001000100010010
001000100001000
001000011111101
001000011110011
001000011101001
001000011011111
001000011010100
001000011001010
001000011000000
001000010110110
001000010101010
001000010100001
001000010010111
001000010001101
001000010000011
001000001110111
001000001101110
001000001100100
001000001011010
001000001010000
001000001000110
001000000111010
001000000110001
001000000100111
001000000011101
001000000010011
001000000001001
000111111111111
000111111110011
000111111101001
000111111100000
000111111010110
000111111001100
000111111000010
000111110111000
000111110101110
000111110100100
000111110011010
000111110010000
000111110000110
000111101111100
000111101110000
000111101100110
000111101011100
000111101010010
000111101001000
000111100111110
000111100110100
000111100101010
000111100100000
000111100010110
000111100001100
000111100000010
000111011111000
000111011101110
000111011100100
000111011011010
000111011010010
000111011001000
000111010111110
000111010110100
000111010101010
000111010100000
000111010010110
000111010001100
000111010000001
000111001110111
000111001101101
000111001100011
000111001011001
000111001010000
000111001000110
000111000111100
000111000110010
000111000101000
000111000011110
000111000010100
000111000001011
000111000000001
000110111110111
000110111101101
000110111100011
000110111011001
000110111010000
000110111000110
000110110111100
000110110110010
000110110101000
000110110011111
000110110010101
000110110001011
000110110000001
000110101110111
000110101101110
000110101100100
000110101011010
000110101010000
000110101000111
000110100111101
000110100110011
000110100101001
000110100100000
000110100010110
000110100001100
000110100000011
000110011111001
000110011101111
000110011100101
000110011011100
000110011010010
000110011001000
000110010111111
000110010110101
000110010101011
000110010100010
000110010011000
000110010001111
000110010000101
000110001111011
000110001110010
000110001101000
000110001011110
000110001010101
000110001001011
000110001000010
000110000111000
000110000101110
000110000100101
000110000011011
000110000010010
000110000001000
000101111111110
000101111110101
000101111101011
000101111100010
000101111011000
000101111001111
000101111000101
000101110111100
000101110110010
000101110101001
000101110011111
000101110010110
000101110001100
000101110000011
000101101111001
000101101110000
000101101100110
000101101011101
000101101010011
000101101001010
000101101000000
000101100110111
000101100101101
000101100100100
000101100011010
000101100010001
000101100000111
000101011111110
000101011110101
000101011101011
000101011100010
000101011011000
000101011001111
000101011000110
000101010111100
000101010110011
000101010101001
000101010100000
000101010010111
000101010001101
000101010000100
000101001111011
000101001110001
000101001101000
000101001011111
000101001010101
000101001001100
000101001000010
000101000111001
000101000110000
000101000100111
000101000011101
000101000010100
000101000001011
000101000000001
000100111111000
000100111101111
000100111100101
000100111011100
000100111010011
000100111001010
000100111000000
000100110110110
000100110101101
000100110100100
000100110011010
000100110010001
000100110001000
000100101111111
000100101110101
000100101101100
000100101100011
000100101011010
000100101010001
000100101000111
000100100111110
000100100110101
000100100101100
000100100100011
000100100011001
000100100010000
000100100000111
000100011111110
000100011110101
000100011101100
000100011100011
000100011011001
000100011010000
000100011000111
000100010111110
000100010110101
000100010101100
000100010100011
000100010011001
000100010010000
000100010000111
000100001111110
000100001110101
000100001101100
000100001100011
000100001011010
000100001010001
000100001001000
000100000111111
000100000110110
000100000101101
000100000100100
000100000011010
000100000010001
000100000001000
000011111111111
000011111110110
000011111101101
000011111100100
000011111011011
000011111010010
000011111001001
000011111000000
000011110110111
000011110101110
000011110100101
000011110011100
000011110010011
000011110001010
000011110000001
000011101111000
000011101110000
000011101100111
000011101011110
000011101010101
000011101001100
000011101000011
000011100111010
000011100110001
000011100101000
000011100011111
000011100010110
000011100001101
000011100000100
000011011111100
000011011110011
000011011101010
000011011100001
000011011011000
000011011001111
000011011000110
000011010111101
000011010110101
000011010101100
000011010100011
000011010011010
000011010010001
000011010001000
000011001111111
000011001110111
000011001101110
000011001100101
000011001011100
000011001010011
000011001001011
000011001000010
000011000111001
000011000110000
000011000100111
000011000011111
000011000010110
000011000001101
000011000000100
000010111111100
000010111110011
000010111101010
000010111100001
000010111011001
000010111010000
000010111000111
000010110111110
000010110110110
000010110101101
000010110100100
000010110011011
000010110010011
000010110001010
000010110000001
000010101111001
000010101110000
000010101100111
000010101011111
000010101010110
000010101001101
000010101000101
000010100111100
000010100110011
000010100101011
000010100100010
000010100011001
000010100010001
000010100001000
000010011111111
000010011110111
000010011101110
000010011100101
000010011011101
000010011010100
000010011001100
000010011000011
000010010111010
000010010110010
000010010101001
000010010100001
000010010011000
000010010010000
000010010000111
000010001111110
000010001110110
000010001101101
000010001100101
000010001011100
000010001010100
000010001001011
000010001000010
000010000111010
000010000110001
000010000101001
000010000100000
000010000011000
000010000001111
000010000000111
000001111111110
000001111110110
000001111101101
000001111100101
000001111011100
000001111010100
000001111001011
000001111000011
000001110111010
000001110110010
000001110101010
000001110100001
000001110011001
000001110010000
000001110001000
000001101111111
000001101110111
000001101101110
000001101100110
000001101011110
000001101010101
000001101001101
000001101000100
000001100111100
000001100110011
000001100101011
000001100100011
000001100011010
000001100010010
000001100001010
000001100000001
000001011111001
000001011110000
000001011101000
000001011100000
000001011010111
000001011001111
000001011000111
000001010111110
000001010110110
000001010101110
000001010100101
000001010011101
000001010010101
000001010001100
000001010000100
000001001111100
000001001110011
000001001101011
000001001100011
000001001011010
000001001010010
000001001001010
000001001000010
000001000111001
000001000110001
000001000101001
000001000100001
000001000011000
000001000010000
000001000001000
000000111111110
000000111110111
000000111101111
000000111100111
000000111011111
000000111010110
000000111001110
000000111000110
000000110111110
000000110110101
000000110101101
000000110100101
000000110011101
000000110010101
000000110001100
000000110000100
000000101111100
000000101110100
000000101101100
000000101100100
000000101011011
000000101010011
000000101001011
000000101000011
000000100111011
000000100110011
000000100101001
000000100100010
000000100011010
000000100010010
000000100001010
000000100000010
000000011111010
000000011110010
000000011101000
000000011100001
000000011011001
000000011010001
000000011001001
000000011000001
000000010111001
000000010110001
000000010101001
000000010100001
000000010011001
000000010001111
000000010000111
000000001111111
000000001111000
000000001110000
000000001101000
000000001100000
000000001011000
000000001010000
000000001001000
000000001000000
000000000111000
000000000110000
000000000101000
000000000100000
000000000011000
000000000010000
