000000000001111
000000000000000
111111111110000
111111111100000
111111111010000
111111111000000
111111110110000
111111110100000
111111110010000
111111110000000
111111101110000
111111101100000
111111101010000
111111101000000
111111100110001
111111100100001
111111100010001
111111100000001
111111011110001
111111011100010
111111011010010
111111011000010
111111010110010
111111010100011
111111010010011
111111010000011
111111001110011
111111001100100
111111001010100
111111001000100
111111000110101
111111000100101
111111000010101
111111000000110
111110111110110
111110111100111
111110111010111
111110111000111
111110110111000
111110110101000
111110110011001
111110110001001
111110101111010
111110101101010
111110101011011
111110101001011
111110100111100
111110100101100
111110100011101
111110100001101
111110011111110
111110011101110
111110011011111
111110011010000
111110011000000
111110010110001
111110010100000
111110010010010
111110010000011
111110001110010
111110001100100
111110001010101
111110001000100
111110000110110
111110000100110
111110000010111
111110000000111
111101111111000
111101111101001
111101111011010
111101111001010
111101110111011
111101110101100
111101110011101
111101110001110
111101101111110
111101101101111
111101101100000
111101101010001
111101101000010
111101100110011
111101100100100
111101100010101
111101100000110
111101011110110
111101011100111
111101011011000
111101011001001
111101010111010
111101010101011
111101010011100
111101010001101
111101001111110
111101001101111
111101001100000
111101001010001
111101001000010
111101000110100
111101000100101
111101000010110
111101000000111
111100111111000
111100111101001
111100111011010
111100111001011
111100110111100
111100110101110
111100110011111
111100110010000
111100110000001
111100101110010
111100101100100
111100101010101
111100101000110
111100100110111
111100100101001
111100100011010
111100100001011
111100011111100
111100011101110
111100011011111
111100011010000
111100011000010
111100010110011
111100010100100
111100010010110
111100010000111
111100001111000
111100001101010
111100001011011
111100001001101
111100000111110
111100000101111
111100000100001
111100000010010
111100000000100
111011111110101
111011111100111
111011111011000
111011111001010
111011110111011
111011110101101
111011110011110
111011110010000
111011110000001
111011101110011
111011101100100
111011101010110
111011101001000
111011100111001
111011100101011
111011100011100
111011100001110
111011100000000
111011011110001
111011011100011
111011011010101
111011011000110
111011010111000
111011010101010
111011010011010
111011010001100
111011001111110
111011001110000
111011001100001
111011001010011
111011001000101
111011000110111
111011000101000
111011000011010
111011000001100
111010111111110
111010111110000
111010111100001
111010111010011
111010111000101
111010110110111
111010110101001
111010110011011
111010110001101
111010101111110
111010101110000
111010101100010
111010101010100
111010101000110
111010100111000
111010100101010
111010100011100
111010100001110
111010100000000
111010011110010
111010011100100
111010011010111
111010011001001
111010010111011
111010010101101
111010010011110
111010010010000
111010010000010
111010001110100
111010001100110
111010001011000
111010001001010
111010000111110
111010000110000
111010000100010
111010000010011
111010000000101
111001111110111
111001111101001
111001111011101
111001111001111
111001111000000
111001110110010
111001110100100
111001110011000
111001110001001
111001101111011
111001101101101
111001101100001
111001101010010
111001101000100
111001100110110
111001100101010
111001100011011
111001100001101
111001100000000
111001011110010
111001011100100
111001011010111
111001011001001
111001010111011
111001010101110
111001010100000
111001010010011
111001010000101
111001001110111
111001001101010
111001001011100
111001001001111
111001001000001
111001000110100
111001000100110
111001000011000
111001000001011
111000111111101
111000111110000
111000111100010
111000111010101
111000111001000
111000110111010
111000110101101
111000110011111
111000110010010
111000110000100
111000101110111
111000101101001
111000101011100
111000101001111
111000101000001
111000100110100
111000100100101
111000100011001
111000100001100
111000011111101
111000011110001
111000011100100
111000011010101
111000011001001
111000010111100
111000010101111
111000010100001
111000010010100
111000010000111
111000001111000
111000001101100
111000001011111
111000001010010
111000001000101
111000000110110
111000000101010
111000000011101
111000000010000
111000000000011
110111111110100
110111111101000
110111111011011
110111111001110
110111111000001
110111110110100
110111110100111
110111110011000
110111110001011
110111101111110
110111101110010
110111101100101
110111101011000
110111101001011
110111100111110
110111100110001
110111100100100
110111100010111
110111100001010
110111011111101
110111011110000
110111011100011
110111011010110
110111011001001
110111010111100
110111010101111
110111010100010
110111010010101
110111010001000
110111001111010
110111001101101
110111001100000
110111001010011
110111001000110
110111000111001
110111000101110
110111000100001
110111000010100
110111000000110
110110111111001
110110111101100
110110111011111
110110111010100
110110111000111
110110110111001
110110110101100
110110110011111
110110110010100
110110110000110
110110101111001
110110101101100
110110101100001
110110101010011
110110101000110
110110100111001
110110100101110
110110100100000
110110100010011
110110100001000
110110011111010
110110011101101
110110011100010
110110011010100
110110011000111
110110010111100
110110010101110
110110010100001
110110010010110
110110010001000
110110001111011
110110001101111
110110001100010
110110001010110
110110001001001
110110000111101
110110000110000
110110000100011
110110000010111
110110000001010
110101111111110
110101111110001
110101111100101
110101111011000
110101111001100
110101110111111
110101110110011
110101110100110
110101110011010
110101110001101
110101110000001
110101101110100
110101101101000
110101101011100
110101101001111
110101101000011
110101100110110
110101100101010
110101100011110
110101100010001
110101100000101
110101011111000
110101011101100
110101011100000
110101011010011
110101011000111
110101010111011
110101010101110
110101010100010
110101010010110
110101010001000
110101001111101
110101001110001
110101001100101
110101001011000
110101001001100
110101001000000
110101000110100
110101000100110
110101000011011
110101000001111
110101000000011
110100111110101
110100111101010
110100111011110
110100111010010
110100111000110
110100110111010
110100110101100
110100110100001
110100110010101
110100110001001
110100101111101
110100101110000
110100101100100
110100101010111
110100101001011
110100100111111
110100100110011
110100100100111
110100100011011
110100100001111
110100100000011
110100011110111
110100011101011
110100011011111
110100011010011
110100011000111
110100010111011
110100010101111
110100010100011
110100010010111
110100010001011
110100001111111
110100001110011
110100001100111
110100001011011
110100001001111
110100001000011
110100000110111
110100000101011
110100000011111
110100000010011
110100000000111
110011111111011
110011111101111
110011111100100
110011111011000
110011111001100
110011111000000
110011110110100
110011110101000
110011110011100
110011110010001
110011110000101
110011101111001
110011101101101
110011101100001
110011101010101
110011101001010
110011100111110
110011100110010
110011100100110
110011100011011
110011100001111
110011100000011
110011011110111
110011011101100
110011011100000
110011011010100
110011011001000
110011010111101
110011010110001
110011010100101
110011010011010
110011010001110
110011010000010
110011001110111
110011001101011
110011001011111
110011001010100
110011001001000
110011000111100
110011000110001
110011000100101
110011000011001
110011000001110
110011000000010
110010111110111
110010111101011
110010111011111
110010111010100
110010111001000
110010110111101
110010110110001
110010110100110
110010110011010
110010110001111
110010110000011
110010101111000
110010101101100
110010101100000
110010101010101
110010101001001
110010100111110
110010100110011
110010100100111
110010100011100
110010100010000
110010100000101
110010011111001
110010011101110
110010011100010
110010011010111
110010011001100
110010011000000
110010010110101
110010010101001
110010010011110
110010010010011
110010010000111
110010001111100
110010001110000
110010001100101
110010001011010
110010001001110
110010001000011
110010000111000
110010000101100
110010000100001
110010000010110
110010000001010
110001111111111
110001111110100
110001111101001
110001111011101
110001111010010
110001111000111
110001110111010
110001110110000
110001110100101
110001110011001
110001110001101
110001110000010
110001101110111
110001101101100
110001101100001
110001101010101
110001101001010
110001100111111
110001100110100
110001100101001
110001100011110
110001100010010
110001100000111
110001011111100
110001011110001
110001011100110
110001011011011
110001011001111
110001011000100
110001010111001
110001010101110
110001010100011
110001010011000
110001010001101
110001010000010
110001001110111
110001001101100
110001001100001
110001001010110
110001001001011
110001000111111
110001000110100
110001000101001
110001000011110
110001000010011
110001000001000
110000111111101
110000111110010
110000111100111
110000111011100
110000111010001
110000111000110
110000110111011
110000110110000
110000110100110
110000110011011
110000110010000
110000110000101
110000101111010
110000101101111
110000101100100
110000101011001
110000101001110
110000101000011
110000100111000
110000100101101
110000100100011
110000100011000
110000100001101
110000100000010
110000011110111
110000011101100
110000011100001
110000011011000
110000011001101
110000011000010
110000010110110
110000010101011
110000010100000
110000010010111
110000010001100
110000010000000
110000001110101
110000001101100
110000001100001
110000001010101
110000001001010
110000001000001
110000000110110
110000000101010
110000000011111
110000000010110
110000000001011
101111111111111
101111111110100
101111111101011
101111111011111
101111111010100
101111111001011
101111110111111
101111110110100
101111110101011
101111110011111
101111110010100
101111110001011
101111101111111
101111101110100
101111101101010
101111101011111
101111101010100
101111101001010
101111100111111
101111100110101
101111100101010
101111100011111
101111100010101
101111100001010
101111100000000
101111011110101
101111011101011
101111011100000
101111011010110
101111011001011
101111011000000
101111010110110
101111010101011
101111010100001
101111010010110
101111010001100
101111010000001
101111001110111
101111001101100
101111001100010
101111001010111
101111001001101
101111001000010
101111000111000
101111000101110
101111000100011
101111000011001
101111000001110
101111000000100
101110111111001
101110111101111
101110111100100
101110111011010
101110111010000
101110111000101
101110110111011
101110110110000
101110110100110
101110110011100
101110110010001
101110110000111
101110101111101
101110101110010
101110101101000
101110101011110
101110101010011
101110101001001
101110100111111
101110100110100
101110100101010
101110100100000
101110100010101
101110100001011
101110100000001
101110011110101
101110011101100
101110011100010
101110011011000
101110011001101
101110011000011
101110010111001
101110010101111
101110010100100
101110010011010
101110010010000
101110010000110
101110001111010
101110001110001
101110001100111
101110001011101
101110001010011
101110001000111
101110000111110
101110000110100
101110000101010
101110000100000
101110000010110
101110000001010
101110000000001
101101111110111
101101111101101
101101111100011
101101111011001
101101111001111
101101111000011
101101110111001
101101110110000
101101110100110
101101110011100
101101110010010
101101110001000
101101101111110
101101101110100
101101101101010
101101101100000
101101101010110
101101101001010
101101101000000
101101100110110
101101100101100
101101100100010
101101100011000
101101100001110
101101100000100
101101011111010
101101011110000
101101011100110
101101011011100
101101011010010
101101011001000
101101010111110
101101010110100
101101010101010
101101010100000
101101010010110
101101010001100
101101010000100
101101001111010
101101001110000
101101001100110
101101001011100
101101001010010
101101001001000
101101000111110
101101000110011
101101000101001
101101000011111
101101000010101
101101000001101
101101000000011
101100111111001
101100111101111
101100111100100
101100111011010
101100111010000
101100111001000
101100110111110
101100110110100
101100110101010
101100110011111
101100110010101
101100110001101
101100110000011
101100101111001
101100101101110
101100101100100
101100101011100
101100101010010
101100101000111
101100100111101
101100100110011
101100100101011
101100100100000
101100100010110
101100100001100
101100100000011
101100011111001
101100011101111
101100011100101
101100011011100
101100011010010
101100011001000
101100010111111
101100010110101
101100010101011
101100010100010
101100010011000
101100010001110
101100010000100
101100001111011
101100001110001
101100001100111
101100001011110
101100001010100
101100001001011
101100001000001
101100000110111
101100000101110
101100000100100
101100000011010
101100000010001
101100000000111
101011111111110
101011111110100
101011111101010
101011111100001
101011111010111
101011111001110
101011111000100
101011110111010
101011110110001
101011110100111
101011110011110
101011110010100
101011110001011
101011110000001
101011101111000
101011101101110
101011101100100
101011101011011
101011101010001
101011101001000
101011100111110
101011100110101
101011100101011
101011100100010
101011100011000
101011100001111
101011100000101
101011011111100
101011011110011
101011011101001
101011011100000
101011011010110
101011011001101
101011011000011
101011010111010
101011010110000
101011010100111
101011010011110
101011010010100
101011010001011
101011010000001
101011001111000
101011001101110
101011001100101
101011001011100
101011001010010
101011001001001
101011001000000
101011000110110
101011000101101
101011000100011
101011000011010
101011000010001
101011000000111
101010111111110
101010111110101
101010111101011
101010111100010
101010111011001
101010111001111
101010111000110
101010110111101
101010110110011
101010110101010
101010110100001
101010110011000
101010110001110
101010110000101
101010101111100
101010101110010
101010101101001
101010101100000
101010101010111
101010101001101
101010101000100
101010100111011
101010100110010
101010100100111
101010100011111
101010100010110
101010100001101
101010100000100
101010011111010
101010011110001
101010011101000
101010011011111
101010011010110
101010011001100
101010011000011
101010010111010
101010010110001
101010010101000
101010010011111
101010010010101
101010010001100
101010010000011
101010001111010
101010001110001
101010001101000
101010001011111
101010001010100
101010001001100
101010001000011
101010000111010
101010000110001
101010000101000
101010000011111
101010000010110
101010000001101
101010000000010
101001111111001
101001111110001
101001111101000
101001111011111
101001111010110
101001111001101
101001111000100
101001110111011
101001110110010
101001110101001
101001110100000
101001110010111
101001110001110
101001110000101
101001101111100
101001101110011
101001101101010
101001101100001
101001101011000
101001101001111
101001101000101
101001100111100
101001100110011
101001100101010
101001100100001
101001100011000
101001100001111
101001100000110
101001011111101
101001011110100
101001011101011
101001011100010
101001011011001
101001011010000
101001011000111
101001010111110
101001010110101
101001010101101
101001010100100
101001010011011
101001010010010
101001010001001
101001010000000
101001001110111
101001001101110
101001001100101
101001001011100
101001001010100
101001001001011
101001001000010
101001000111001
101001000110000
101001000100111
101001000011110
101001000010110
101001000001101
101001000000100
101000111111011
101000111110010
101000111101001
101000111100001
101000111011000
101000111001111
101000111000110
101000110111101
101000110110101
101000110101100
101000110100011
101000110011010
101000110010010
101000110001001
101000110000000
101000101110111
101000101101110
101000101100110
101000101011101
101000101010100
101000101001011
101000101000011
101000100111010
101000100110001
101000100101001
101000100100000
101000100010111
101000100001110
101000100000110
101000011111101
101000011110100
101000011101100
101000011100011
101000011011010
101000011010010
101000011001001
101000011000000
101000010111000
101000010101111
101000010100110
101000010011110
101000010010101
101000010001100
101000010000100
101000001111011
101000001110010
101000001101010
101000001100001
101000001011000
101000001010000
101000001000111
101000000111111
101000000110110
101000000101101
101000000100101
101000000011100
101000000010100
101000000001011
101000000000010
100111111111010
100111111110001
100111111101001
100111111100000
100111111011000
100111111001111
100111111000111
100111110111110
100111110110101
100111110101101
100111110100100
100111110011100
100111110010011
100111110001011
100111110000010
100111101111010
100111101110001
100111101101001
100111101100000
100111101011000
100111101001111
100111101000111
100111100111110
100111100110110
100111100101101
100111100100101
100111100011100
100111100010100
100111100001011
100111100000011
100111011111010
100111011110010
100111011101010
100111011100001
100111011011001
100111011010000
100111011001000
100111010111111
100111010110111
100111010101111
100111010100110
100111010011110
100111010010101
100111010001101
100111010000101
100111001111100
100111001110100
100111001101011
100111001100011
100111001011011
100111001010010
100111001001010
100111001000010
100111000111001
100111000110001
100111000101000
100111000100000
100111000011000
100111000001111
100111000000111
100110111111111
100110111110110
100110111101110
100110111100110
100110111011100
100110111010100
100110111001100
100110111000011
100110110111011
100110110110011
100110110101011
100110110100010
100110110011010
100110110010010
100110110001001
100110110000001
100110101111001
100110101110001
100110101101000
100110101100000
100110101011000
100110101010000
100110101000111
100110100111111
100110100110111
100110100101111
100110100100110
100110100011110
100110100010110
100110100001110
100110100000110
100110011111101
100110011110101
100110011101101
100110011100101
100110011011100
100110011010101
100110011001101
100110011000101
100110010111101
100110010110101
100110010101100
100110010100100
100110010011100
100110010010100
100110010001100
100110010000100
100110001111010
100110001110011
100110001101011
100110001100011
100110001011011
100110001010011
100110001001011
100110001000001
100110000111010
100110000110010
100110000101010
100110000100010
100110000011010
100110000010010
100110000001010
100110000000010
100101111111010
100101111110000
100101111101000
100101111100001
100101111011001
100101111010001
100101111001001
100101111000001
100101110111001
100101110110001
100101110101001
100101110100001
100101110011001
100101110010001
100101110001001
100101110000001
100101101111001
100101101110001
100101101101001
100101101011111
100101101010111
100101101001111
100101101000111
100101100111111
100101100110111
100101100101111
100101100100111
100101100011111
100101100010111
100101100001111
100101100001001
100101100000001
100101011111001
100101011110001
100101011101001
100101011100001
100101011011001
100101011010001
100101011001001
100101011000001
100101010111001
100101010110001
100101010101001
100101010100001
100101010011001
100101010010000
100101010001000
100101010000000
100101001111000
100101001110010
100101001101010
100101001100010
100101001011010
100101001010010
100101001001010
100101001000001
100101000111001
100101000110001
100101000101011
100101000100011
100101000011011
100101000010011
100101000001011
100101000000010
100100111111010
100100111110100
100100111101100
100100111100100
100100111011100
100100111010011
100100111001011
100100111000011
100100110111100
100100110110100
100100110101100
100100110100100
100100110011100
100100110010101
100100110001101
100100110000101
100100101111101
100100101110101
100100101101110
100100101100110
100100101011110
100100101010110
100100101001110
100100101000111
100100100111111
100100100110111
100100100101111
100100100101000
100100100100000
100100100011000
100100100010000
100100100001001
100100100000001
100100011111001
100100011110001
100100011101010
100100011100010
100100011011010
100100011010010
100100011001011
100100011000011
100100010111011
100100010110100
100100010101100
100100010100100
100100010011100
100100010010101
100100010001101
100100010000101
100100001111110
100100001110110
100100001101110
100100001100111
100100001011111
100100001010111
100100001010000
100100001001000
100100001000000
100100000111001
100100000110001
100100000101001
100100000100010
100100000011010
100100000010011
100100000001011
100100000000011
100011111111100
100011111110100
100011111101100
100011111100101
100011111011101
100011111010110
100011111001110
100011111000110
100011110111111
100011110110111
100011110110000
100011110101000
100011110100000
100011110011001
100011110010001
100011110001010
100011110000010
100011101111011
100011101110011
100011101101011
100011101100100
100011101011100
100011101010101
100011101001101
100011101000110
100011100111110
100011100110111
100011100101111
100011100100111
100011100100000
100011100011000
100011100010001
100011100001001
100011100000010
100011011111010
100011011110011
100011011101011
100011011100100
100011011011100
100011011010101
100011011001101
100011011000110
100011010111110
100011010110111
100011010101111
100011010101000
100011010100000
100011010011001
100011010010010
100011010001010
100011010000011
100011001111011
100011001110100
100011001101100
100011001100101
100011001011101
100011001010110
100011001001111
100011001000111
100011001000000
100011000111000
100011000110001
100011000101001
100011000100010
100011000011011
100011000010011
100011000001100
100011000000100
100010111111101
100010111110110
100010111101110
100010111100111
100010111011111
100010111011000
100010111010001
100010111001001
100010111000010
100010110111010
100010110110011
100010110101100
100010110100100
100010110011101
100010110010110
100010110001110
100010110000111
100010110000000
100010101111000
100010101110001
100010101101010
100010101100010
100010101011011
100010101010100
100010101001100
100010101000101
100010100111110
100010100110110
100010100101111
100010100101000
100010100100000
100010100011001
100010100010010
100010100001011
100010100000011
100010011111100
100010011110101
100010011101101
100010011100110
100010011011111
100010011011000
100010011010000
100010011001001
100010011000010
100010010111011
100010010110011
100010010101100
100010010100101
100010010011110
100010010010110
100010010001111
100010010001000
100010010000001
100010001111001
100010001110010
100010001101011
100010001100100
100010001011100
100010001010101
100010001001110
100010001000111
100010001000000
100010000111000
100010000110001
100010000101010
100010000100011
100010000011100
100010000010100
100010000001101
100010000000110
100001111111111
100001111111000
100001111110001
100001111101001
100001111100010
100001111011011
100001111010100
100001111001101
100001111000110
100001110111110
100001110110111
100001110110000
100001110101001
100001110100010
100001110011011
100001110010100
100001110001011
100001110000101
100001101111110
100001101110111
100001101110000
100001101101001
100001101100010
100001101011011
100001101010100
100001101001011
100001101000100
100001100111101
100001100110110
100001100101111
100001100101000
100001100100001
100001100011010
100001100010011
100001100001100
100001100000101
100001011111101
100001011110110
100001011101111
100001011101000
100001011100001
100001011011010
100001011010011
100001011001100
100001011000101
100001010111110
100001010110111
100001010110000
100001010101001
100001010100010
100001010011011
100001010010100
100001010001101
100001010000110
100001001111111
100001001111000
100001001110001
100001001101011
100001001100100
100001001011101
100001001010110
100001001001111
100001001001000
100001001000001
100001000111010
100001000110011
100001000101100
100001000100101
100001000011110
100001000010111
100001000010000
100001000001001
100001000000010
100000111111011
100000111110100
100000111101101
100000111100110
100000111011111
100000111010111
100000111010000
100000111001001
100000111000010
100000110111101
100000110110110
100000110101111
100000110101000
100000110100001
100000110011010
100000110010011
100000110001011
100000110000100
100000101111101
100000101110110
100000101101111
100000101101001
100000101100010
100000101011011
100000101010100
100000101001101
100000101000110
100000100111111
100000100111000
100000100110001
100000100101011
100000100100100
100000100011101
100000100010110
100000100001111
100000100001000
100000100000001
100000011111011
100000011110100
100000011101101
100000011100110
100000011011111
100000011011000
100000011010010
100000011001011
100000011000100
100000010111101
100000010110110
100000010101111
100000010101001
100000010100010
100000010011011
100000010010100
100000010001101
100000010000110
100000010000000
100000001111001
100000001110010
100000001101011
100000001100101
100000001011110
100000001010111
100000001010000
100000001001001
100000001000011
100000000111100
100000000110101
100000000101110
100000000101000
100000000100001
100000000011010
100000000010011
100000000001101
100000000000110
011111111111111
011111111111000
011111111110010
011111111101011
011111111100100
011111111011101
011111111010111
011111111010000
011111111001001
011111111000010
011111110111100
011111110110101
011111110101110
011111110101000
011111110100001
011111110011010
011111110010011
011111110001101
011111110000110
011111101111111
011111101111001
011111101110010
011111101101011
011111101100101
011111101011110
011111101010111
011111101010001
011111101001010
011111101000011
011111100111101
011111100110110
011111100101111
011111100101001
011111100100010
011111100011011
011111100010101
011111100001110
011111100000111
011111100000001
011111011111010
011111011110011
011111011101101
011111011100110
011111011011111
011111011011001
011111011010010
011111011001100
011111011000101
011111010111110
011111010111000
011111010110001
011111010101010
011111010100100
011111010011101
011111010010111
011111010010000
011111010001001
011111010000011
011111001111100
011111001110110
011111001101111
011111001101001
011111001100010
011111001011011
011111001010101
011111001001110
011111001001000
011111001000001
011111000111011
011111000110100
011111000101101
011111000100111
011111000100000
011111000011010
011111000010011
011111000001101
011111000000110
011111000000000
011110111111001
011110111110011
011110111101100
011110111100101
011110111011111
011110111011000
011110111010010
011110111001011
011110111000101
011110110111110
011110110111000
011110110110001
011110110101011
011110110100100
011110110011110
011110110010111
011110110010001
011110110001010
011110110000100
011110101111101
011110101110111
011110101110000
011110101101010
011110101100011
011110101011101
011110101010110
011110101010000
011110101001010
011110101000011
011110100111101
011110100110110
011110100110000
011110100101001
011110100100011
011110100011100
011110100010110
011110100001111
011110100001001
011110100000011
011110011111100
011110011110110
011110011101111
011110011101001
011110011100010
011110011011100
011110011010110
011110011001111
011110011001001
011110011000010
011110010111100
011110010110110
011110010101111
011110010101001
011110010100010
011110010011100
011110010010110
011110010001111
011110010001001
011110010000010
011110001111100
011110001110110
011110001101111
011110001101001
011110001100010
011110001011100
011110001010110
011110001001111
011110001001001
011110001000011
011110000111100
011110000110110
011110000110000
011110000101001
011110000100011
011110000011100
011110000010110
011110000010000
011110000001001
011110000000011
011101111111101
011101111110110
011101111110000
011101111101010
011101111100011
011101111011101
011101111010111
011101111010001
011101111001010
011101111000100
011101110111110
011101110110111
011101110110001
011101110101011
011101110100100
011101110011110
011101110011000
011101110010001
011101110001011
011101110000101
011101101111111
011101101111000
011101101110010
011101101101100
011101101100110
011101101011111
011101101011001
011101101010011
011101101001100
011101101000110
011101101000000
011101100111010
011101100110011
011101100101101
011101100100111
011101100100001
011101100011010
011101100010100
011101100001110
011101100001000
011101100000001
011101011111011
011101011110101
011101011101111
011101011101001
011101011100010
011101011011100
011101011010110
011101011010000
011101011001001
011101011000011
011101010111101
011101010110111
011101010110001
011101010101010
011101010100100
011101010011110
011101010011000
011101010010010
011101010001011
011101010000101
011101001111111
011101001111001
011101001110011
011101001101101
011101001100110
011101001100000
011101001011010
011101001010100
011101001001110
011101001001000
011101001000001
011101000111011
011101000110101
011101000101111
011101000101001
011101000100011
011101000011100
011101000010110
011101000010000
011101000001010
011101000000100
011100111111110
011100111111000
011100111110000
011100111101011
011100111100101
011100111011111
011100111011001
011100111010011
011100111001101
011100111000111
011100111000001
011100110111001
011100110110100
011100110101110
011100110101000
011100110100010
011100110011100
011100110010110
011100110010000
011100110001010
011100110000100
011100101111100
011100101110111
011100101110001
011100101101011
011100101100101
011100101011111
011100101011001
011100101010011
011100101001101
011100101000111
011100101000001
011100100111011
011100100110101
011100100101111
011100100101001
011100100100001
011100100011011
011100100010101
011100100010000
011100100001010
011100100000100
011100011111110
011100011111000
011100011110010
011100011101100
011100011100110
011100011100000
011100011011010
011100011010100
011100011001110
011100011001000
011100011000010
011100010111100
011100010110110
011100010110000
011100010101010
011100010100100
011100010011110
011100010011000
011100010010010
011100010001100
011100010000110
011100010000000
011100001111010
011100001110100
011100001101110
011100001101000
011100001100010
011100001011100
011100001010110
011100001010000
011100001001010
011100001000100
011100000111110
011100000110111
011100000110001
011100000101011
011100000100101
011100000011111
011100000011011
011100000010101
011100000001111
011100000001001
011100000000011
011011111111101
011011111110111
011011111110001
011011111101011
011011111100101
011011111011111
011011111011000
011011111010010
011011111001100
011011111000110
011011111000010
011011110111100
011011110110110
011011110110000
011011110101010
011011110100100
011011110011110
011011110011000
011011110010001
011011110001011
011011110000111
011011110000001
011011101111011
011011101110101
011011101101111
011011101101001
011011101100010
011011101011100
011011101010110
011011101010010
011011101001100
011011101000110
011011101000000
011011100111010
011011100110011
011011100101101
011011100101000
011011100100010
011011100011100
011011100010110
011011100010000
011011100001010
011011100000100
011011011111111
011011011111001
011011011110011
011011011101101
011011011100111
011011011100001
011011011011100
011011011010110
011011011010000
011011011001010
011011011000100
011011010111110
011011010111001
011011010110011
011011010101101
011011010100111
011011010100001
011011010011100
011011010010110
011011010010000
011011010001010
011011010000100
011011001111111
011011001111001
011011001110011
011011001101101
011011001100111
011011001100010
011011001011100
011011001010110
011011001010000
011011001001011
011011001000101
011011000111111
011011000111001
011011000110011
011011000101110
011011000101000
011011000100010
011011000011100
011011000010111
011011000010001
011011000001011
011011000000101
011011000000000
011010111111010
011010111110100
011010111101110
011010111101001
011010111100011
011010111011101
011010111010111
011010111010010
011010111001100
011010111000110
011010111000001
011010110111011
011010110110101
011010110101111
011010110101010
011010110100100
011010110011110
011010110011001
011010110010011
011010110001101
011010110000111
011010110000010
011010101111100
011010101110110
011010101110001
011010101101011
011010101100101
011010101100000
011010101011010
011010101010100
011010101001110
011010101001001
011010101000011
011010100111101
011010100111000
011010100110010
011010100101100
011010100100111
011010100100001
011010100011011
011010100010110
011010100010000
