000000000011110
111111111111111
111111111011111
111111110111111
111111110011111
111111101111111
111111101011111
111111100111111
111111100011111
111111100000000
111111011100000
111111011000000
111111010100001
111111010000001
111111001100010
111111001000010
111111000100010
111111000000011
111110111100100
111110111000100
111110110100101
111110110000101
111110101100110
111110101000111
111110100100111
111110100001000
111110011101001
111110011001010
111110010101011
111110010001011
111110001101100
111110001001101
111110000101101
111110000001110
111101111101111
111101111010000
111101110110001
111101110010011
111101101110100
111101101010101
111101100110110
111101100010111
111101011111001
111101011011010
111101010111011
111101010011100
111101001111110
111101001011111
111101001000001
111101000100010
111101000000100
111100111100101
111100111000111
111100110101000
111100110001010
111100101101100
111100101001101
111100100101111
111100100010001
111100011110010
111100011010100
111100010110110
111100010011000
111100001111010
111100001011100
111100000111101
111100000011111
111100000000001
111011111100011
111011111000101
111011110101000
111011110001010
111011101101100
111011101001110
111011100110000
111011100010010
111011011110101
111011011010111
111011010111001
111011010011010
111011001111110
111011001100000
111011001000011
111011000100101
111011000000110
111010111101010
111010111001011
111010110101111
111010110010010
111010101110011
111010101010111
111010100111000
111010100011011
111010011111111
111010011100010
111010011000011
111010010100110
111010010001001
111010001101100
111010001001111
111010000110001
111010000010100
111001111110111
111001111011010
111001110111101
111001110100000
111001110000011
111001101100111
111001101001010
111001100101101
111001100010000
111001011110011
111001011010110
111001010111010
111001010011101
111001010000000
111001001100010
111001001000111
111001000101001
111001000001110
111000111110001
111000111010101
111000110111000
111000110011010
111000101111111
111000101100011
111000101000101
111000100101010
111000100001100
111000011110000
111000011010100
111000010111000
111000010011011
111000001111111
111000001100011
111000001000111
111000000101011
111000000001110
110111111110010
110111111010110
110111110111010
110111110011110
110111110000010
110111101100110
110111101001010
110111100101110
110111100010010
110111011110111
110111011011011
110111010111111
110111010100011
110111010000111
110111001101100
110111001010000
110111000110100
110111000010111
110110111111101
110110111100001
110110111000110
110110110101010
110110110001110
110110101110010
110110101010111
110110100111011
110110100100000
110110100000100
110110011101001
110110011001101
110110010110010
110110010010111
110110001111011
110110001100000
110110001000101
110110000101010
110110000001111
110101111110011
110101111011000
110101110111101
110101110100010
110101110000111
110101101101100
110101101010001
110101100110110
110101100011011
110101100000000
110101011100101
110101011001010
110101010101111
110101010010100
110101001111000
110101001011111
110101001000100
110101000101000
110101000001101
110100111110011
110100111011000
110100110111101
110100110100011
110100110001000
110100101101101
110100101010011
110100100111000
110100100011110
110100100000011
110100011101001
110100011001110
110100010110100
110100010011010
110100001111111
110100001100101
110100001001010
110100000110000
110100000010110
110011111111100
110011111100001
110011111000111
110011110101101
110011110010011
110011101111001
110011101011110
110011101000100
110011100101010
110011100010000
110011011110110
110011011011011
110011011000001
110011010100111
110011010001101
110011001110011
110011001011001
110011001000000
110011000100110
110011000001100
110010111110010
110010111011000
110010110111111
110010110100101
110010110001011
110010101110001
110010101011000
110010100111110
110010100100100
110010100001011
110010011110001
110010011011000
110010010111110
110010010100101
110010010001011
110010001110010
110010001011000
110010000111111
110010000100101
110010000001100
110001111110011
110001111011001
110001111000000
110001110100111
110001110001101
110001101110100
110001101011011
110001101000010
110001100101001
110001100001111
110001011110110
110001011011101
110001011000100
110001010101011
110001010010010
110001001111001
110001001100000
110001001000111
110001000101110
110001000010101
110000111111100
110000111100011
110000111001010
110000110110001
110000110011001
110000110000000
110000101100111
110000101001110
110000100110101
110000100011101
110000100000100
110000011101011
110000011010011
110000010111010
110000010100001
110000010001000
110000001101111
110000001010111
110000000111110
110000000100110
110000000001101
101111111110101
101111111011100
101111111000100
101111110101011
101111110010011
101111101111010
101111101100010
101111101001010
101111100110001
101111100011001
101111100000001
101111011101001
101111011010000
101111010111000
101111010100000
101111010001000
101111001110000
101111001011000
101111000111111
101111000100111
101111000001111
101110111110111
101110111011111
101110111000111
101110110101111
101110110010111
101110101111111
101110101100111
101110101001111
101110100111000
101110100100000
101110100001000
101110011110000
101110011011000
101110011000000
101110010101001
101110010010001
101110001111001
101110001100010
101110001001010
101110000110010
101110000011011
101110000000011
101101111101011
101101111010100
101101110111100
101101110100101
101101110001101
101101101110110
101101101011110
101101101000111
101101100101111
101101100011000
101101011111111
101101011101001
101101011010010
101101010111001
101101010100011
101101010001011
101101001110011
101101001011100
101101001000101
101101000101110
101101000010110
101100111111111
101100111101000
101100111010001
101100110111010
101100110100011
101100110001011
101100101110100
101100101011101
101100101000110
101100100101111
101100100011000
101100100000001
101100011101010
101100011010011
101100010111100
101100010100101
101100010001111
101100001111000
101100001100001
101100001001010
101100000110011
101100000011100
101100000000110
101011111101111
101011111011000
101011111000001
101011110101010
101011110010011
101011101111100
101011101100110
101011101001111
101011100111000
101011100100010
101011100001011
101011011110101
101011011011110
101011011001000
101011010110001
101011010011011
101011010000100
101011001101110
101011001010111
101011001000001
101011000101011
101011000010100
101010111111110
101010111101000
101010111010001
101010110111011
101010110100101
101010110001110
101010101111000
101010101100010
101010101001100
101010100110110
101010100011111
101010100001001
101010011110011
101010011011101
101010011000111
101010010110001
101010010011011
101010010000101
101010001101111
101010001011001
101010001000011
101010000101101
101010000010111
101010000000001
101001111101011
101001111010101
101001110111111
101001110101001
101001110010011
101001101111110
101001101101000
101001101010010
101001100111100
101001100100110
101001100010001
101001011111011
101001011100101
101001011010000
101001010111010
101001010100100
101001010001111
101001001111001
101001001100011
101001001001110
101001000111000
101001000100010
101001000001100
101000111110111
101000111100001
101000111001100
101000110110110
101000110100001
101000110001011
101000101110110
101000101100000
101000101001011
101000100110110
101000100100000
101000100001011
101000011110110
101000011100000
101000011001011
101000010110110
101000010100001
101000010001011
101000001110110
101000001100001
101000001001100
101000000110111
101000000100010
101000000001100
100111111110111
100111111100010
100111111001101
100111110111000
100111110100011
100111110001110
100111101111001
100111101100100
100111101001111
100111100111010
100111100100101
100111100010000
100111011111011
100111011100110
100111011010001
100111010111101
100111010101000
100111010010011
100111001111110
100111001101001
100111001010101
100111001000000
100111000101011
100111000010110
100111000000010
100110111101101
100110111011000
100110111000100
100110110101111
100110110011010
100110110000110
100110101110001
100110101011011
100110101001000
100110100110011
100110100011111
100110100001010
100110011110110
100110011100000
100110011001100
100110010110111
100110010100011
100110010001111
100110001111010
100110001100110
100110001010001
100110000111101
100110000101001
100110000010100
100110000000000
100101111101100
100101111010111
100101111000011
100101110101111
100101110011011
100101110000110
100101101110010
100101101011110
100101101001010
100101100110110
100101100100010
100101100001101
100101011111001
100101011100101
100101011010001
100101010111101
100101010101001
100101010010101
100101010000001
100101001101101
100101001011001
100101001000101
100101000110001
100101000011101
100101000001001
100100111110101
100100111100001
100100111001110
100100110111010
100100110100110
100100110010010
100100101111110
100100101101010
100100101010111
100100101000011
100100100101111
100100100011011
100100100001000
100100011110100
100100011100000
100100011001101
100100010111001
100100010100101
100100010010010
100100001111110
100100001101010
100100001010111
100100001000011
100100000110000
100100000011100
100100000001001
100011111110101
100011111100001
100011111001101
100011110111010
100011110100110
100011110010011
100011101111111
100011101101100
100011101011000
100011101000101
100011100110010
100011100011110
100011100001011
100011011111000
100011011100100
100011011010001
100011010111110
100011010101011
100011010010111
100011010000100
100011001110001
100011001011110
100011001001010
100011000110111
100011000100100
100011000010001
100010111111110
100010111101011
100010111011000
100010111000101
100010110110001
100010110011110
100010110001011
100010101111000
100010101100101
100010101010010
100010100111111
100010100101100
100010100011001
100010100000110
100010011110011
100010011100001
100010011001110
100010010111011
100010010101000
100010010010101
100010010000010
100010001101111
100010001011100
100010001001010
100010000110111
100010000100100
100010000010001
100001111111111
100001111101100
100001111011001
100001111000110
100001110110100
100001110100001
100001110001110
100001101111100
100001101101001
100001101010110
100001101000100
100001100110001
100001100011110
100001100001011
100001011111001
100001011100110
100001011010011
100001011000001
100001010101110
100001010011100
100001010001010
100001001110111
100001001100101
100001001010010
100001001000000
100001000101101
100001000011011
100001000001001
100000111110110
100000111100100
100000111010010
100000110111111
100000110101101
100000110011011
100000110001000
100000101110110
100000101100100
100000101010010
100000100111111
100000100101101
100000100011011
100000100001001
100000011110111
100000011100100
100000011010010
100000011000000
100000010101110
100000010011100
100000010001010
100000001111000
100000001100110
100000001010100
100000001000010
100000000110000
100000000011110
100000000001100
011111111111010
011111111101000
011111111010110
011111111000100
011111110110010
011111110100000
011111110001110
011111101111100
011111101101010
011111101011000
011111101000110
011111100110100
011111100100011
011111100010001
011111011111111
011111011101101
011111011011011
011111011001010
011111010111000
011111010100110
011111010010100
011111010000011
011111001110001
011111001011111
011111001001110
011111000111100
011111000101010
011111000011001
011111000000111
011110111110101
011110111100100
011110111010010
011110111000001
011110110101111
011110110011110
011110110001100
011110101111011
011110101101001
011110101011000
011110101000110
011110100110101
011110100100011
011110100010010
011110100000000
011110011101111
011110011011100
011110011001100
011110010111011
011110010101001
011110010011000
011110010000111
011110001110101
011110001100011
011110001010010
011110001000000
011110000101111
011110000011110
011110000001100
011101111111011
011101111101010
011101111011001
011101111001000
011101110110110
011101110100101
011101110010100
011101110000011
011101101110010
011101101100001
011101101001111
011101100111110
011101100101101
011101100011100
011101100001011
011101011111010
011101011101001
011101011011000
011101011000111
011101010110110
011101010100101
011101010010100
011101010000011
011101001110010
011101001100001
011101001010000
011101000111111
011101000101110
011101000011101
011101000001100
011100111111011
011100111101011
011100111011010
011100111001001
011100110111000
011100110100111
011100110010110
011100110000110
011100101110101
011100101100100
011100101010011
011100101000011
011100100110010
011100100100001
011100100010000
011100100000000
011100011101111
011100011011110
011100011001110
011100010111101
011100010101100
011100010011100
011100010001011
011100001111010
011100001101010
011100001011001
011100001001001
011100000111000
011100000101000
011100000010111
011100000000110
011011111110110
011011111100101
011011111010101
011011111000100
011011110110100
011011110100100
011011110010011
011011110000011
011011101110010
011011101100010
011011101010001
011011101000001
011011100110001
011011100100000
011011100010000
011011100000000
011011011101111
011011011011111
011011011001111
011011010111110
011011010101110
011011010011110
011011010001100
011011001111101
011011001101101
011011001011101
011011001001011
011011000111011
011011000101100
011011000011100
011011000001100
011010111111100
011010111101010
011010111011010
011010111001011
011010110111011
011010110101011
011010110011011
011010110001011
011010101111011
011010101101011
011010101011011
011010101001001
011010100111001
011010100101001
011010100011001
011010100001001
011010011111001
011010011101001
011010011011001
011010011001011
011010010111011
011010010101011
011010010011011
011010010001011
011010001111010
011010001101010
011010001011010
011010001001010
011010000111010
011010000101100
011010000011011
011010000001011
011001111111011
011001111101011
011001111011100
011001111001100
011001110111100
011001110101100
011001110011100
011001110001101
011001101111101
011001101101101
011001101011110
011001101001110
011001100111110
011001100101111
011001100011111
011001100001111
011001100000000
011001011110000
011001011100000
011001011010001
011001011000001
011001010110010
011001010100010
011001010010010
011001010000011
011001001110011
011001001100100
011001001010100
011001001000101
011001000110101
011001000100110
011001000010110
011001000000111
011000111110111
011000111101000
011000111010111
011000111001001
011000110111010
011000110101010
011000110011011
011000110001010
011000101111100
011000101101101
011000101011101
011000101001110
011000100111111
011000100101111
011000100100000
011000100010001
011000100000000
011000011110010
011000011100011
011000011010100
011000011000011
011000010110101
011000010100110
011000010010111
011000010000110
011000001110111
011000001101001
011000001011010
011000001001011
011000000111100
011000000101011
011000000011100
011000000001110
010111111111111
010111111110000
010111111100001
010111111010010
010111111000011
010111110110100
010111110100101
010111110010100
010111110000101
010111101110110
010111101100111
010111101011000
010111101001001
010111100111010
010111100101011
010111100011100
010111100001101
010111100000000
010111011110001
010111011100010
010111011010011
010111011000100
010111010110100
010111010100101
010111010010110
010111010000111
010111001111000
010111001101011
010111001011011
010111001001100
010111000111101
010111000101110
010111000011111
010111000010001
010111000000010
010110111110011
010110111100100
010110111010110
010110111000111
010110110111000
010110110101001
010110110011011
010110110001100
010110101111101
010110101101111
010110101100000
010110101010001
010110101000011
010110100110100
010110100100101
010110100010111
010110100001000
010110011111010
010110011101011
010110011011100
010110011001110
010110010111111
010110010110001
010110010100010
010110010010100
010110010000100
010110001110111
010110001100111
010110001011001
010110001001010
010110000111100
010110000101101
010110000011111
010110000010000
010110000000010
010101111110011
010101111100101
010101111010110
010101111001000
010101110111010
010101110101011
010101110011101
010101110001111
010101110000000
010101101110010
010101101100100
010101101010101
010101101000111
010101100111001
010101100101010
010101100011100
010101100001110
010101011111111
010101011110001
010101011100011
010101011010101
010101011000110
010101010111001
010101010101011
010101010011101
010101010001111
010101001111111
010101001110010
010101001100100
010101001010110
010101001001000
010101000111010
010101000101010
010101000011100
010101000001111
010101000000001
010100111110011
010100111100101
010100111010111
010100111001001
010100110111011
010100110101101
010100110011111
010100110010001
010100110000011
010100101110011
010100101100101
010100101010111
010100101001001
010100100111101
010100100101111
010100100100001
010100100010011
010100100000101
010100011110110
010100011101000
010100011011010
010100011001100
010100010111110
010100010110000
010100010100010
010100010010100
010100010000111
010100001111001
010100001101011
010100001011101
010100001001111
010100001000001
010100000110100
010100000100110
010100000011000
010100000001010
010011111111100
010011111101111
010011111100001
010011111010011
010011111000101
010011110111000
010011110101010
010011110011100
010011110001111
010011110000001
010011101110011
010011101100110
010011101011000
010011101001010
010011100111101
010011100101111
010011100100001
010011100010100
010011100000110
010011011111000
010011011101011
010011011011101
010011011010000
010011011000010
010011010110100
010011010100111
010011010011001
010011010001100
010011001111110
010011001110001
010011001100011
010011001010110
010011001001000
010011000111011
010011000101101
010011000100000
010011000010010
010011000000101
010010111110111
010010111101010
010010111011101
010010111001111
010010111000010
010010110110100
010010110100111
010010110011010
010010110001100
010010101111111
010010101110000
010010101100100
010010101010111
010010101001000
010010100111100
010010100101111
010010100100000
010010100010100
010010100000111
010010011111010
010010011101100
010010011011111
010010011010010
010010011000101
010010010110111
010010010101010
010010010011101
010010010010000
010010010000001
010010001110101
010010001101000
010010001011011
010010001001110
010010000111111
010010000110010
010010000100110
010010000011001
010010000001100
010001111111111
010001111110010
010001111100100
010001111010110
010001111001001
010001110111100
010001110101111
010001110100010
010001110010101
010001110001000
010001101111011
010001101101110
010001101100001
010001101010100
010001101000111
010001100111010
010001100101101
010001100100000
010001100010011
010001100000110
010001011111001
010001011101100
010001011011111
010001011010010
010001011000101
010001010111000
010001010101011
010001010011110
010001010010001
010001010000101
010001001111000
010001001101011
010001001011110
010001001010001
010001001000100
010001000110111
010001000101011
010001000011110
010001000010001
010001000000100
010000111110111
010000111101011
010000111011110
010000111010001
010000111000100
010000110110111
010000110101011
010000110011110
010000110010001
010000110000100
010000101111000
010000101101011
010000101011110
010000101010010
010000101000101
010000100111000
010000100101011
010000100011111
010000100010010
010000100000110
010000011111001
010000011101100
010000011100000
010000011010011
010000011000110
010000010111010
010000010101101
010000010100001
010000010010100
010000010000111
010000001111011
010000001101110
010000001100010
010000001010101
010000001001001
010000000111100
010000000110000
010000000100011
010000000010111
010000000001010
001111111111110
001111111110001
001111111100101
001111111011000
001111111001100
001111110111111
001111110110011
001111110100110
001111110011010
001111110001101
001111110000001
001111101110101
001111101101000
001111101011100
001111101001111
001111101000011
001111100110111
001111100101010
001111100011101
001111100010001
001111100000100
001111011111000
001111011101100
001111011011111
001111011010011
001111011000111
001111010111010
001111010101110
001111010100010
001111010010101
001111010001001
001111001111101
001111001110001
001111001100100
001111001011000
001111001001100
001111001000000
001111000110100
001111000100111
001111000011011
001111000001111
001111000000011
001110111110111
001110111101010
001110111011110
001110111010010
001110111000110
001110110111010
001110110101110
001110110100001
001110110010101
001110110001001
001110101111101
001110101110001
001110101100101
001110101011001
001110101001101
001110101000001
001110100110101
001110100101001
001110100011101
001110100010000
001110100000100
001110011111000
001110011101100
001110011100000
001110011010100
001110011001000
001110010111100
001110010110000
001110010100100
001110010011000
001110010001100
001110010000001
001110001110101
001110001101001
001110001011101
001110001010001
001110001000101
001110000111001
001110000101101
001110000100001
001110000010101
001110000001001
001101111111101
001101111110010
001101111100110
001101111011010
001101111001110
001101111000010
001101110110110
001101110101011
001101110011111
001101110010011
001101110000111
001101101111011
001101101110000
001101101100100
001101101011000
001101101001100
001101101000000
001101100110101
001101100101001
001101100011101
001101100010001
001101100000110
001101011111010
001101011101110
001101011100011
001101011010111
001101011001011
001101010111111
001101010110100
001101010101000
001101010011100
001101010010001
001101010000101
001101001111001
001101001101110
001101001100010
001101001010111
001101001001011
001101000111111
001101000110100
001101000101000
001101000011101
001101000010001
001101000000101
001100111111010
001100111101110
001100111100011
001100111010111
001100111001100
001100111000000
001100110110100
001100110101001
001100110011101
001100110010010
001100110000110
001100101111011
001100101101111
001100101100100
001100101011000
001100101001101
001100101000010
001100100110110
001100100101011
001100100011111
001100100010100
001100100001000
001100011111101
001100011110001
001100011100110
001100011011011
001100011001111
001100011000100
001100010111000
001100010101101
001100010100010
001100010010110
001100010001011
001100010000000
001100001110100
001100001101001
001100001011110
001100001010010
001100001000111
001100000111100
001100000110000
001100000100101
001100000011010
001100000001101
001100000000011
001011111111000
001011111101101
001011111100001
001011111010110
001011111001011
001011110111111
001011110110011
001011110101000
001011110011101
001011110010010
001011110000111
001011101111011
001011101110000
001011101100101
001011101011010
001011101001111
001011101000011
001011100111000
001011100101101
001011100100010
001011100010111
001011100001100
001011100000001
001011011110101
001011011101010
001011011011111
001011011010100
001011011001001
001011010111110
001011010110011
001011010101000
001011010011101
001011010010010
001011010000111
001011001111011
001011001110000
001011001100101
001011001011010
001011001001111
001011001000100
001011000111001
001011000101110
001011000100011
001011000011000
001011000001101
001011000000010
001010111110111
001010111101100
001010111100001
001010111010110
001010111001011
001010111000001
001010110110110
001010110101011
001010110100000
001010110010101
001010110001010
001010101111111
001010101110100
001010101101001
001010101011110
001010101010011
001010101001001
001010100111110
001010100110011
001010100101000
001010100011101
001010100010010
001010100000111
001010011111110
001010011110011
001010011101000
001010011011100
001010011010001
001010011000110
001010010111101
001010010110010
001010010100110
001010010011011
001010010010010
001010010000111
001010001111011
001010001110000
001010001100101
001010001011100
001010001010000
001010001000101
001010000111100
001010000110001
001010000100101
001010000011010
001010000010001
001010000000101
001001111111010
001001111110001
001001111100101
001001111011010
001001111010001
001001111000101
001001110111010
001001110110001
001001110100101
001001110011010
001001110010000
001001110000101
001001101111011
001001101110000
001001101100101
001001101011011
001001101010000
001001101000110
001001100111011
001001100110000
001001100100110
001001100011011
001001100010001
001001100000110
001001011111100
001001011110001
001001011100111
001001011011100
001001011010001
001001011000111
001001010111100
001001010110010
001001010100111
001001010011101
001001010010010
001001010001000
001001001111101
001001001110011
001001001101001
001001001011110
001001001010100
001001001001001
001001000111111
001001000110100
001001000101010
001001000011111
001001000010101
001001000001011
001001000000000
001000111110110
001000111101011
001000111100001
001000111010111
001000111001100
001000111000010
001000110111000
001000110101101
001000110100011
001000110011001
001000110001110
001000110000100
001000101111001
001000101101111
001000101100101
001000101011011
001000101010000
001000101000110
001000100111100
001000100110001
001000100100111
001000100011101
001000100010011
001000100001000
001000011111110
001000011110100
001000011101000
001000011011111
001000011010101
001000011001011
001000011000001
001000010110110
001000010101100
001000010100010
001000010011000
001000010001100
001000010000011
001000001111001
001000001101111
001000001100101
001000001011011
001000001001111
001000001000110
001000000111100
001000000110010
001000000101000
001000000011110
001000000010100
001000000001000
000111111111111
000111111110101
000111111101011
000111111100001
000111111010111
000111111001101
000111111000011
000111110111001
000111110101101
000111110100011
000111110011001
000111110001111
000111110000110
000111101111100
000111101110010
000111101101000
000111101011110
000111101010100
000111101001010
000111101000000
000111100110110
000111100101100
000111100100010
000111100011000
000111100001110
000111100000100
000111011111010
000111011110000
000111011100110
000111011011100
000111011010001
000111011000111
000111010111101
000111010110011
000111010101001
000111010011111
000111010010111
000111010001101
000111010000010
000111001111000
000111001101110
000111001100100
000111001011010
000111001010000
000111001000110
000111000111100
000111000110011
000111000101001
000111000011111
000111000010101
000111000001011
000111000000001
000110111110111
000110111101110
000110111100100
000110111011010
000110111010000
000110111000110
000110110111101
000110110110011
000110110101001
000110110011111
000110110010101
000110110001100
000110110000010
000110101111000
000110101101110
000110101100101
000110101011011
000110101010001
000110101000111
000110100111110
000110100110100
000110100101010
000110100100000
000110100010111
000110100001101
000110100000011
000110011111010
000110011110000
000110011100110
000110011011100
000110011010011
000110011001001
000110010111111
000110010110110
000110010101100
000110010100010
000110010011001
000110010001111
000110010000110
000110001111100
000110001110010
000110001101001
000110001011111
000110001010101
000110001001100
000110001000010
000110000111001
000110000101111
000110000100101
000110000011100
000110000010010
000110000001001
000101111111111
000101111110110
000101111101100
000101111100010
000101111011001
000101111001111
000101111000110
000101110111100
000101110110011
000101110101001
000101110100000
000101110010110
000101110001101
000101110000011
000101101111010
000101101110000
000101101100111
000101101011101
000101101010100
000101101001010
000101101000001
000101100110111
000101100101110
000101100100100
000101100011011
000101100010010
000101100001000
000101011111111
000101011110101
000101011101100
000101011100010
000101011011001
000101011010000
000101011000110
000101010111101
000101010110011
000101010101010
000101010100001
000101010010111
000101010001110
000101010000101
000101001111011
000101001110010
000101001101000
000101001011111
000101001010110
000101001001100
000101001000011
000101000111010
000101000110000
000101000100111
000101000011110
000101000010101
000101000001011
000101000000010
000100111111001
000100111101111
000100111100110
000100111011101
000100111010100
000100111001010
000100111000001
000100110111000
000100110101101
000100110100101
000100110011100
000100110010011
000100110001010
000100110000000
000100101110111
000100101101110
000100101100101
000100101011010
000100101010010
000100101001001
000100101000000
000100100110111
000100100101100
000100100100100
000100100011011
000100100010010
000100100001001
000100100000000
000100011110101
000100011101101
000100011100100
000100011011011
000100011010010
000100011001001
000100011000000
000100010110101
000100010101100
000100010100100
000100010011011
000100010010010
000100010001001
000100010000000
000100001110111
000100001101110
000100001100101
000100001011100
000100001010001
000100001001000
000100000111111
000100000110111
000100000101110
000100000100101
000100000011100
000100000010011
000100000001010
000100000000001
000011111111000
000011111101111
000011111100110
000011111011101
000011111010100
000011111001011
000011111000010
000011110111001
000011110110000
000011110100111
000011110011110
000011110010101
000011110001100
000011110000011
000011101111010
000011101110001
000011101100111
000011101011110
000011101010101
000011101001100
000011101000011
000011100111100
000011100110011
000011100101010
000011100100001
000011100011000
000011100001111
000011100000110
000011011111100
000011011110011
000011011101010
000011011100011
000011011011010
000011011010001
000011011001000
000011010111111
000011010110101
000011010101100
000011010100011
000011010011100
000011010010011
000011010001010
000011010000000
000011001110111
000011001101110
000011001100111
000011001011110
000011001010100
000011001001011
000011001000010
000011000111010
000011000110001
000011000101000
000011000011111
000011000010111
000011000001110
000011000000101
000010111111100
000010111110011
000010111101011
000010111100010
000010111011001
000010111010000
000010111001000
000010110111111
000010110110110
000010110101110
000010110100101
000010110011100
000010110010011
000010110001011
000010110000010
000010101111001
000010101110001
000010101101000
000010101011111
000010101010111
000010101001110
000010101000101
000010100111101
000010100110100
000010100101011
000010100100011
000010100011010
000010100010001
000010100001001
000010100000000
000010011110111
000010011101111
000010011100110
000010011011101
000010011010101
000010011001100
000010011000100
000010010111011
000010010110010
000010010101010
000010010100001
000010010011001
000010010010000
000010010001000
000010001111111
000010001110110
000010001101110
000010001100101
000010001011101
000010001010100
000010001001100
000010001000011
000010000111011
000010000110010
000010000101010
000010000100001
000010000011000
000010000010000
000010000000111
000001111111111
000001111110110
000001111101110
000001111100101
000001111011101
000001111010101
000001111001100
000001111000100
000001110111011
000001110110011
000001110101010
000001110100010
000001110011001
000001110010001
000001110001000
000001110000000
000001101110111
000001101101111
000001101100111
000001101011110
000001101010110
000001101001101
000001101000101
000001100111101
000001100110100
000001100101100
000001100100011
000001100011011
000001100010011
000001100001010
000001100000010
000001011111001
000001011110001
000001011101001
000001011100000
000001011011000
000001011010000
000001011000111
000001010111111
000001010110111
000001010101110
000001010100110
000001010011110
000001010010101
000001010001101
000001010000101
000001001111100
000001001110100
000001001101100
000001001100011
000001001011011
000001001010011
000001001001011
000001001000010
000001000111010
000001000110010
000001000101001
000001000100001
000001000011001
000001000010001
000001000001000
000001000000000
000000111111000
000000111110000
000000111100111
000000111011111
000000111010111
000000111001111
000000111000101
000000110111110
000000110110110
000000110101110
000000110100110
000000110011100
000000110010101
000000110001101
000000110000101
000000101111101
000000101110011
000000101101100
000000101100100
000000101011100
000000101010100
000000101001100
000000101000010
000000100111011
000000100110011
000000100101011
000000100100011
000000100011011
000000100010011
000000100001011
000000100000001
000000011111010
000000011110010
000000011101010
000000011100010
000000011011010
000000011010010
000000011001010
000000011000010
000000010111000
000000010110000
000000010101001
000000010100001
000000010011001
000000010010001
000000010001001
000000010000001
000000001111001
000000001110001
000000001101001
000000001100001
000000001011001
000000001010001
000000001001001
000000001000001
000000000111001
000000000110001
000000000101001
000000000100001
000000000011001
000000000010001
